START
0,0
10,0
10,10
0,10
0,0
STOP

START
5.25,5.25
5.75,6.25
6.5,5.75
6,4.75
5.25,4.5
4.25,5
4,6
4.75,7
6,7.25
7.25,6.25
7.25,5
6.75,4
5.75,3.5
4.75,3.5
3.5,4.25
3,5.25
3,6.75
3.75,8
5.5,9
7,9.25
8.75,9.25
STOP

START
8,8.25
8.5,6.75
8.75,5.25
8.5,3.5
7.5,2.5
6,1.75
4.25,1.75
2.75,2.25
1.25,3.75
0.75,6.25
0.75,8
STOP

START
3,9.5
2.25,8.5
2,7.25
2,6
2.25,4.25
3.25,3.25
4.5,2.75
6,2.75
7.25,3.5
7.75,4.25
8,5.5
7.75,6.75
6.75,8
STOP

START
9,8.5
9.25,7
9.5,5
9.25,3
8.75,2.25
7.75,1.5
6,1
3,0.75
0.75,0.75
STOP
