START
0,0
10,0
10,10
0,10
0,0
STOP

START
3.25,5.75
5.5,5.75
5.75,3.5
STOP

START
7.25,7.75
8,8
8.5,8.5
9,8.75
9.25,9
9.75,9
STOP

START
8.5,8.5
8.25,8
STOP

START
9,8.75
8.75,8
STOP

START
9.75,9
9.5,8.25
STOP

START
1.25,1.25
4.25,4.25
STOP

START
6.75,6.75
7.25,7.25
STOP

START
5.25,1
6,1
6.5,1.5
6.75,2.5
7,3.75
7,6
6.75,6.75
6,7
2.75,7
1.25,6.25
1,5.25
1.25,4.5
2,4.5
3.25,4.25
4.25,4.25
4.5,3.75
4.5,2.75
4.75,1.5
5.25,1
STOP

START
1.75,7.25
0.25,7.25
STOP

START
2.25,7.25
7.25,7.25
7.25,1.25
6.25,0.25
STOP

START
0.25,7.75
1.75,7.75
STOP

START
2.25,7.75
4.5,7.75
STOP

START
5,7.75
9.75,7.75
STOP

START
4.25,8.75
4.25,8.25
4.5,7.75
4.75,7.5
5,7.5
5,7.75
5.25,8.25
5.25,8.75
STOP

START
4.75,8.75
4.75,8
STOP

START
1.75,6.5
1.75,8.25
2,9
2,9.75
2.25,9.5
2.25,8.75
2.75,9
3.25,9.5
3.25,9.75
3.5,9.5
3.25,9
3,8.75
5.25,8.75
7.25,8.5
5.25,8.5
STOP

START
4.25,8.5
2.75,8.5
2.25,7.75
2.25,6.75
STOP
