START
0,0
10,0
10,10
0,10
0,0
STOP

START
0.5,6.5
1,5.25
1.5,4.25
1.75,3
1.5,2.5
1,1.75
0.75,1.5
0.5,0.75
STOP

START
0.25,8.25
0.5,7.25
1,6.25
2.25,5.25
2.75,3.75
2.25,1.75
1.5,1
0.5,0.25
STOP

START
0.75,8.5
0.75,7.5
1.5,6.5
3,5.5
3.5,4.5
3.5,2.5
3.25,1.75
2.75,1.25
0.75,0.25
STOP

START
0.5,8.75
1.5,9
3,9
3.5,8.75
5,8.5
6,8.75
7.25,9.25
8.75,9.25
9.5,8.75
STOP

START
2.5,7.75
3,7.5
4.25,7.25
3,6.75
STOP

START
2.75,8.5
2,8.5
1.75,8
1.75,7.25
2.5,6.5
3.5,6
3.75,5
STOP

START
4.5,5.75
4.25,5.75
3.75,5
3.75,4.5
4,4
4,3.5
3.75,2.5
3.75,1.5
3.75,1.5
4,1
4.5,1
4.75,1.25
4.5,2
4.5,4
STOP

START
4,3.5
4.5,3.5
STOP

START
4.5,4
4.75,3.25
5,3
5.5,3
6,3.5
6,4
6.25,4.25
6.25,4.25
6.5,5.25
6.25,5.75
5.5,6
4.75,6
4.5,5.75
4.5,5.5
4.25,5
4.25,4.5
4.5,4
STOP

START
5,3
5.5,2.5
5.75,3.25
6,3.25
6.5,3.5
STOP

START
6.5,5.25
6.75,4.75
6.75,4.25
6.5,3.5
6.5,3
6.75,1.75
STOP

START
6.5,3.5
7,3.25
7.25,1.75
7,1
6.75,1
6.5,1.25
6,3.25
STOP

START
6.5,1.25
6.75,0.25
STOP

START
5.25,4.25
5.5,4.25
5.5,3.75
5.25,3.5
5,3.75
5.25,4.25
STOP

START
5,5.5
5.25,5.25
5,5
4.75,5.25
5,5.5
STOP

START
5.75,5
6,5.25
6.25,5
6,4.75
5.75,5
STOP

START
5.25,4.75
5.5,4.75
STOP

START
4.25,1
4.25,0.25
STOP

START
3.75,1.5
1.25,0.25
STOP

START
2.5,0.25
4,1
STOP

START
9.75,6
9.75,4.5
8.75,0.25
STOP



START
8.75,8.5
7.75,8.5
6.25,8.25
4,8
3.5,8
3.25,7.75
5.25,7.75
6.5,7.5
6.5,7.25
4.75,7
4,6.75
6,6.5
8,6.5
8.75,7
STOP

START
8,7.75
6.75,7.75
7,7.5
7.5,7.5
8,7.75
STOP

START
7.5,7.75
7.5,8.25
STOP

START
7.25,7.75
7.25,8.25
STOP

START
7,8
7.75,8
STOP

START
9.5,8.25
9.25,8
9,8
8.75,7.75
8.75,7.5
9.25,7.25
9,7
8.75,7
8.75,6.75
9,6.75
9.5,7
9.5,6.5
9.25,5.75
9.25,5
9.5,5
9.75,6
STOP

START
8.75,6.75
6.75,3.75
STOP

START
9.5,7
9.25,6.75
8,4
7.25,3
STOP

START
9.25,5
7.75,0.5
STOP

START
9,6.75
9,4.25
STOP

START
8.25,6
8.25,2
STOP